0x2d1: 1, 1, 1, 1, 1, 1, 0, 1,
0x2d2: 0, 1, 1, 0, 0, 0, 0, 1,
0x2d3: 1, 1, 1, 1, 0, 0, 0, 1,
0x2d4: 0, 1, 1, 0, 0, 0, 0, 1,
0x2d5: 1, 1, 1, 1, 0, 0, 0, 1,
0x2d6: 0, 1, 1, 0, 0, 0, 0, 1,
0x2d7: 0, 1, 1, 0, 0, 0, 0, 1,
0x2d8: 1, 1, 1, 1, 0, 0, 0, 1,
0x2d9: 1, 1, 1, 1, 0, 0, 0, 1,
0x2da: 1, 1, 1, 1, 0, 0, 0, 1,
0x2db: 0, 1, 1, 0, 0, 0, 0, 1,
0x2dc: 1, 1, 1, 1, 0, 0, 0, 1,
0x2dd: 1, 1, 1, 1, 0, 0, 0, 1,
0x2de: 1, 1, 1, 1, 0, 0, 0, 1,
0x2df: 1, 1, 1, 1, 0, 0, 0, 1,
0x2e0: 1, 1, 1, 0, 1, 1, 0, 0,
0x2e1: 1, 1, 1, 1, 1, 1, 0, 1,
0x2e2: 1, 1, 1, 1, 1, 1, 0, 1,
0x2e3: 1, 1, 1, 1, 1, 1, 0, 1,
0x2e4: 1, 1, 1, 0, 1, 1, 0, 0,
0x2e5: 1, 1, 1, 1, 1, 1, 0, 1,
0x2e6: 1, 1, 1, 0, 1, 1, 0, 0,
0x2e7: 1, 1, 1, 0, 1, 1, 0, 0,
0x2e8: 1, 1, 1, 1, 1, 1, 0, 0,
0x2e9: 1, 1, 1, 1, 1, 1, 0, 1,
0x2ea: 1, 1, 1, 1, 1, 1, 0, 1,
0x2eb: 1, 1, 1, 0, 1, 1, 0, 0,
0x2ec: 1, 1, 1, 1, 1, 1, 0, 1,
0x2ed: 1, 1, 1, 1, 1, 1, 0, 1,
0x2ee: 1, 1, 1, 1, 1, 1, 0, 0,
0x2ef: 1, 1, 1, 1, 1, 1, 0, 0,
0x2f0: 1, 1, 1, 0, 1, 1, 0, 0,
0x2f1: 1, 1, 1, 1, 1, 1, 0, 1,
0x2f2: 1, 1, 1, 0, 1, 1, 0, 0,
0x2f3: 1, 1, 1, 0, 1, 1, 0, 0,
0x2f4: 1, 1, 1, 0, 1, 1, 0, 0,
0x2f5: 1, 1, 1, 0, 1, 1, 0, 0,
0x2f6: 1, 1, 1, 0, 1, 1, 0, 0,
0x2f7: 1, 1, 1, 0, 1, 1, 0, 0,
0x2f8: 1, 0, 0, 0, 1, 1, 0, 0,
0x2f9: 1, 0, 0, 0, 1, 1, 0, 0,
0x2fa: 1, 0, 0, 0, 1, 1, 0, 0,
0x2fb: 1, 0, 0, 0, 1, 1, 0, 0,
0x2fc: 1, 1, 1, 1, 1, 1, 0, 0,
0x2fd: 1, 1, 1, 1, 1, 1, 0, 1,
0x2fe: 1, 1, 1, 1, 1, 1, 0, 0,
0x2ff: 1, 1, 1, 1, 1, 1, 1, 1,
0x300: 1, 1, 1, 1, 0, 0, 0, 1,
0x301: 1, 1, 1, 1, 0, 0, 0, 1,
0x302: 1, 1, 1, 1, 0, 0, 0, 1,
0x303: 1, 1, 1, 1, 0, 0, 0, 1,
0x304: 1, 1, 1, 1, 0, 0, 0, 1,
0x305: 1, 1, 1, 1, 0, 0, 0, 1,
0x306: 1, 1, 1, 1, 0, 0, 0, 1,
0x307: 1, 1, 1, 1, 0, 0, 0, 1,
0x308: 1, 1, 1, 1, 0, 0, 0, 1,
0x309: 1, 1, 1, 1, 0, 0, 0, 1,
0x30a: 1, 1, 1, 1, 0, 0, 0, 1,
0x30b: 1, 1, 1, 1, 0, 0, 0, 1,
0x30c: 1, 1, 1, 1, 0, 0, 0, 1,
0x30d: 1, 1, 1, 1, 0, 0, 0, 1,
0x30e: 1, 1, 1, 1, 0, 0, 0, 1,
0x30f: 1, 1, 1, 1, 0, 0, 0, 1,
0x310: 1, 1, 1, 1, 0, 0, 0, 1,
0x311: 1, 1, 1, 1, 0, 0, 0, 1,
0x312: 1, 1, 1, 1, 0, 0, 0, 1,
0x313: 1, 1, 1, 1, 0, 0, 0, 1,
0x314: 1, 1, 1, 1, 0, 0, 0, 1,
0x315: 1, 1, 1, 1, 0, 0, 0, 1,
0x316: 1, 1, 1, 1, 0, 0, 0, 1,
0x317: 1, 1, 1, 1, 0, 0, 0, 1,
0x318: 1, 1, 1, 1, 0, 0, 0, 1,
0x319: 1, 1, 1, 1, 0, 0, 0, 1,
0x31a: 1, 1, 1, 1, 0, 0, 0, 1,
0x31b: 1, 1, 1, 1, 0, 0, 0, 1,
0x31c: 1, 1, 1, 1, 0, 0, 0, 1,
0x31d: 1, 1, 1, 1, 0, 0, 0, 1,
0x31e: 1, 1, 1, 1, 0, 0, 0, 1,
0x31f: 1, 1, 1, 1, 0, 0, 0, 1,
0x320: 1, 1, 1, 1, 0, 0, 0, 1,
0x321: 1, 1, 1, 1, 1, 0, 0, 1,
0x322: 1, 1, 1, 1, 1, 0, 0, 1,
0x323: 1, 1, 1, 1, 1, 0, 0, 1,
0x324: 1, 1, 1, 1, 1, 0, 0, 1,
0x325: 1, 1, 1, 1, 1, 0, 0, 1,
0x326: 1, 1, 1, 1, 1, 0, 0, 1,
0x327: 1, 1, 1, 1, 1, 0, 0, 1,
0x328: 1, 1, 1, 1, 1, 0, 0, 1,
0x329: 1, 1, 1, 1, 1, 0, 0, 1,
0x32a: 1, 1, 1, 1, 1, 0, 0, 1,
0x32b: 1, 1, 1, 1, 1, 0, 0, 1,
0x32c: 1, 1, 1, 1, 1, 0, 0, 1,
0x32d: 1, 1, 1, 1, 1, 0, 0, 1,
0x32e: 1, 1, 1, 1, 1, 0, 0, 1,
0x32f: 1, 1, 1, 1, 1, 0, 0, 1,
0x330: 1, 1, 1, 1, 1, 0, 0, 1,
0x331: 1, 1, 1, 1, 1, 0, 0, 1,
0x332: 1, 1, 1, 1, 1, 0, 0, 1,
0x333: 1, 1, 1, 1, 1, 0, 0, 1,
0x334: 1, 1, 1, 1, 1, 0, 0, 1,
0x335: 1, 1, 1, 1, 1, 0, 0, 1,
0x336: 0, 1, 1, 0, 0, 0, 0, 1,
0x337: 0, 1, 1, 0, 0, 0, 0, 1,
0x338: 1, 1, 1, 1, 0, 0, 0, 1,
0x339: 1, 1, 1, 1, 1, 0, 0, 1,
0x33a: 1, 1, 1, 1, 1, 0, 0, 0,
0x33b: 0, 1, 1, 0, 1, 0, 0, 1,
0x33c: 1, 1, 1, 1, 1, 0, 0, 1,
0x33d: 1, 1, 1, 1, 1, 0, 0, 1,
0x33e: 1, 1, 1, 1, 0, 0, 0, 1,
0x33f: 1, 1, 1, 1, 0, 0, 0, 1,
0x340: 1, 1, 1, 1, 0, 0, 0, 1,
0x341: 1, 1, 1, 1, 0, 0, 0, 1,
0x342: 1, 1, 1, 1, 0, 0, 0, 1,
0x343: 1, 1, 1, 1, 1, 0, 0, 1,
0x344: 1, 1, 1, 1, 1, 0, 0, 1,
0x345: 1, 1, 1, 1, 1, 0, 0, 1,
0x346: 0, 1, 1, 0, 0, 0, 0, 1,
0x347: 1, 1, 1, 1, 0, 0, 0, 1,
0x348: 1, 1, 1, 1, 0, 0, 0, 1,
0x349: 1, 1, 1, 1, 1, 0, 0, 1,
0x34a: 1, 1, 1, 1, 1, 0, 0, 1,
0x34b: 1, 1, 1, 1, 0, 0, 0, 1,
0x34c: 1, 1, 1, 1, 1, 0, 0, 1,
0x34d: 1, 1, 1, 1, 0, 0, 0, 1,
0x34e: 1, 1, 1, 1, 0, 0, 0, 1,
0x34f: 1, 1, 1, 1, 0, 0, 0, 1,
0x350: 1, 1, 1, 1, 0, 0, 0, 1,
0x351: 1, 1, 1, 1, 1, 0, 0, 1,
0x352: 1, 1, 1, 1, 1, 0, 0, 1,
0x353: 1, 1, 1, 1, 0, 0, 0, 1,
0x354: 1, 1, 1, 1, 1, 0, 0, 1,
0x355: 1, 1, 1, 1, 0, 0, 0, 1,
0x356: 0, 1, 1, 0, 0, 0, 0, 1,
0x357: 0, 1, 1, 0, 0, 0, 0, 1,
0x358: 1, 1, 1, 1, 0, 0, 0, 1,
0x359: 1, 1, 1, 1, 0, 0, 0, 1,
0x35a: 1, 1, 1, 1, 0, 0, 0, 1,
0x35b: 0, 1, 1, 0, 0, 0, 0, 1,
0x35c: 1, 1, 1, 1, 0, 0, 0, 1,
0x35d: 1, 1, 1, 1, 0, 0, 0, 1,
0x35e: 1, 1, 1, 1, 0, 0, 0, 1,
0x35f: 1, 1, 1, 1, 0, 0, 0, 1,
0x360: 1, 1, 1, 0, 1, 0, 0, 0,
0x361: 1, 1, 1, 1, 1, 0, 0, 1,
0x362: 1, 1, 1, 1, 1, 0, 0, 1,
0x363: 1, 1, 1, 1, 1, 0, 0, 1,
0x364: 1, 1, 1, 1, 1, 0, 0, 1,
0x365: 1, 1, 1, 1, 1, 0, 0, 1,
0x366: 1, 1, 1, 0, 1, 0, 0, 0,
0x367: 1, 1, 1, 0, 1, 0, 0, 0,
0x368: 1, 1, 1, 1, 1, 0, 0, 0,
0x369: 1, 1, 1, 1, 1, 0, 0, 1,
0x36a: 1, 1, 1, 1, 1, 0, 0, 1,
0x36b: 1, 1, 1, 0, 1, 0, 0, 0,
0x36c: 1, 1, 1, 1, 1, 0, 0, 1,
0x36d: 1, 1, 1, 1, 1, 0, 0, 1,
0x36e: 1, 1, 1, 1, 1, 0, 0, 0,
0x36f: 1, 1, 1, 1, 1, 0, 0, 0,
0x370: 1, 1, 1, 0, 1, 0, 0, 0,
0x371: 1, 1, 1, 1, 1, 0, 0, 1,
0x372: 1, 1, 1, 0, 1, 0, 0, 0,
0x373: 1, 1, 1, 0, 1, 0, 0, 0,
0x374: 1, 1, 1, 0, 1, 0, 0, 0,
0x375: 1, 1, 1, 0, 1, 0, 0, 0,
0x376: 1, 1, 1, 0, 1, 0, 0, 0,
0x377: 0, 1, 1, 0, 1, 0, 0, 1,
0x378: 1, 1, 1, 1, 1, 0, 0, 0,
0x379: 1, 1, 1, 1, 1, 0, 0, 1,
0x37a: 1, 1, 1, 1, 1, 0, 0, 0,
0x37b: 1, 1, 1, 0, 1, 0, 0, 0,
0x37c: 1, 1, 1, 1, 1, 0, 0, 0,
0x37d: 1, 1, 1, 1, 1, 0, 0, 1,
0x37e: 1, 1, 1, 1, 1, 0, 0, 1,
0x37f: 1, 1, 1, 1, 1, 0, 0, 1,
0x380: 1, 1, 1, 1, 0, 0, 0, 1,
0x381: 1, 1, 1, 1, 0, 0, 0, 1,
0x382: 1, 1, 1, 1, 0, 0, 0, 1,
0x383: 1, 1, 1, 1, 0, 1, 1, 1,
0x384: 1, 1, 1, 1, 0, 1, 1, 1,
0x385: 1, 1, 1, 1, 0, 1, 1, 1,
0x386: 0, 1, 1, 0, 0, 0, 0, 1,
0x387: 1, 1, 1, 1, 0, 0, 0, 1,
0x388: 1, 1, 1, 1, 0, 0, 0, 1,
0x389: 1, 1, 1, 1, 0, 1, 1, 1,
0x38a: 1, 1, 1, 1, 0, 1, 1, 1,
0x38b: 1, 1, 1, 1, 0, 0, 0, 1,
0x38c: 1, 1, 1, 1, 0, 0, 0, 1,
0x38d: 1, 1, 1, 1, 0, 0, 0, 1,
0x38e: 1, 1, 1, 1, 0, 0, 0, 1,
0x38f: 1, 1, 1, 1, 0, 0, 0, 1,
0x390: 1, 1, 1, 1, 0, 0, 0, 1,
0x391: 1, 1, 1, 1, 0, 1, 1, 1,
0x392: 1, 1, 1, 1, 0, 1, 1, 1,
0x393: 1, 1, 1, 1, 0, 0, 0, 1,
0x394: 1, 1, 1, 1, 0, 0, 0, 1,
0x395: 1, 1, 1, 1, 0, 0, 0, 1,
0x396: 0, 1, 1, 0, 0, 0, 0, 1,
0x397: 0, 1, 1, 0, 0, 0, 0, 1,
0x398: 1, 1, 1, 1, 0, 0, 0, 1,
0x399: 1, 1, 1, 1, 0, 0, 0, 1,
0x39a: 1, 1, 1, 1, 0, 0, 0, 1,
0x39b: 0, 1, 1, 0, 0, 0, 0, 1,
0x39c: 1, 1, 1, 1, 0, 0, 0, 1,
0x39d: 1, 1, 1, 1, 0, 0, 0, 1,
0x39e: 1, 1, 1, 1, 0, 0, 0, 1,
0x39f: 1, 1, 1, 1, 0, 0, 0, 1,
0x3a0: 0, 1, 1, 0, 0, 0, 0, 1,
0x3a1: 1, 1, 1, 1, 1, 1, 0, 1,
0x3a2: 0, 1, 1, 0, 0, 0, 0, 1,
0x3a3: 1, 1, 1, 1, 1, 1, 0, 1,
0x3a4: 0, 1, 1, 0, 0, 0, 0, 1,
0x3a5: 1, 1, 1, 1, 1, 1, 0, 1,
0x3a6: 0, 1, 1, 0, 0, 0, 0, 1,
0x3a7: 0, 1, 1, 0, 0, 0, 0, 1,
0x3a8: 1, 1, 1, 1, 1, 0, 0, 1,
0x3a9: 1, 1, 1, 1, 1, 1, 0, 1,
0x3aa: 1, 1, 1, 1, 1, 1, 0, 1,
0x3ab: 0, 1, 1, 0, 1, 0, 0, 1,
0x3ac: 1, 1, 1, 1, 1, 1, 0, 1,
0x3ad: 1, 1, 1, 1, 1, 1, 0, 1,
0x3ae: 1, 1, 1, 1, 0, 0, 0, 1,
0x3af: 1, 1, 1, 1, 0, 0, 0, 1,
0x3b0: 0, 1, 1, 0, 0, 0, 0, 1,
0x3b1: 1, 1, 1, 1, 1, 1, 0, 1,
0x3b2: 0, 1, 1, 0, 0, 0, 0, 1,
0x3b3: 0, 1, 1, 0, 0, 0, 0, 1,
0x3b4: 0, 1, 1, 0, 0, 0, 0, 1,
0x3b5: 0, 1, 1, 0, 0, 0, 0, 1,
0x3b6: 0, 1, 1, 0, 0, 0, 0, 1,
0x3b7: 0, 1, 1, 0, 0, 0, 0, 1,
0x3b8: 1, 1, 1, 1, 0, 0, 0, 1,
0x3b9: 1, 1, 1, 1, 1, 0, 0, 1,
0x3ba: 1, 1, 1, 1, 0, 0, 0, 1,
0x3bb: 0, 1, 1, 0, 0, 0, 0, 1,
0x3bc: 1, 1, 1, 1, 0, 0, 0, 1,
0x3bd: 1, 1, 1, 1, 0, 0, 0, 1,
0x3be: 1, 1, 1, 1, 0, 0, 0, 1,
0x3bf: 1, 1, 1, 1, 1, 1, 1, 1,
0x3c0: 0, 1, 1, 0, 0, 0, 1, 1,
0x3c1: 1, 1, 1, 1, 1, 1, 1, 1,
0x3c2: 0, 1, 1, 0, 0, 0, 1, 1,
0x3c3: 1, 1, 1, 1, 0, 0, 1, 1,
0x3c4: 0, 1, 1, 0, 0, 0, 1, 1,
0x3c5: 1, 1, 1, 1, 0, 0, 1, 1,
0x3c6: 0, 1, 1, 0, 0, 0, 1, 1,
0x3c7: 0, 1, 1, 0, 0, 0, 1, 1,
0x3c8: 1, 1, 1, 1, 0, 0, 1, 1,
0x3c9: 1, 1, 1, 1, 0, 0, 1, 1,
0x3ca: 1, 1, 1, 1, 0, 1, 1, 1,
0x3cb: 1, 1, 1, 0, 0, 0, 1, 1,
0x3cc: 1, 1, 1, 1, 0, 1, 1, 1,
0x3cd: 1, 1, 1, 1, 0, 0, 1, 1,
0x3ce: 1, 1, 1, 1, 0, 0, 1, 1,
0x3cf: 1, 1, 1, 1, 0, 0, 1, 1,
0x3d0: 0, 1, 1, 0, 0, 0, 1, 1,
0x3d1: 1, 1, 1, 1, 0, 0, 1, 1,
0x3d2: 0, 1, 1, 0, 0, 0, 1, 1,
0x3d3: 0, 1, 1, 0, 0, 0, 1, 1,
0x3d4: 0, 1, 1, 0, 0, 0, 1, 1,
0x3d5: 0, 1, 1, 0, 0, 0, 1, 1,
0x3d6: 0, 1, 1, 0, 0, 0, 1, 1,
0x3d7: 0, 1, 1, 0, 0, 0, 1, 1,
0x3d8: 1, 1, 1, 1, 0, 0, 1, 1,
0x3d9: 1, 1, 1, 1, 0, 0, 1, 1,
0x3da: 1, 1, 1, 1, 0, 0, 1, 1,
0x3db: 1, 1, 1, 0, 0, 0, 1, 1,
0x3dc: 1, 1, 1, 1, 0, 0, 1, 1,
0x3dd: 1, 1, 1, 1, 0, 0, 1, 1,
0x3de: 1, 1, 1, 1, 0, 0, 1, 1,
0x3df: 1, 1, 1, 1, 0, 0, 1, 1,
0x3e0: 1, 1, 1, 0, 1, 1, 1, 0,
0x3e1: 1, 1, 1, 1, 1, 1, 1, 1,
0x3e2: 1, 1, 1, 0, 1, 1, 1, 0,
0x3e3: 1, 1, 1, 0, 1, 1, 1, 0,
0x3e4: 1, 1, 1, 0, 1, 1, 1, 0,
0x3e5: 1, 1, 1, 0, 1, 1, 1, 0,
0x3e6: 1, 1, 1, 0, 1, 1, 1, 0,
0x3e7: 1, 1, 1, 0, 1, 1, 1, 0,
0x3e8: 1, 1, 1, 1, 1, 1, 1, 0,
0x3e9: 1, 1, 1, 1, 1, 1, 1, 0,
0x3ea: 1, 1, 1, 1, 1, 1, 1, 0,
0x3eb: 1, 1, 1, 0, 1, 1, 1, 0,
0x3ec: 1, 1, 1, 1, 1, 1, 1, 0,
0x3ed: 1, 1, 1, 1, 1, 1, 1, 0,
0x3ee: 1, 1, 1, 1, 1, 1, 1, 0,
0x3ef: 1, 1, 1, 1, 1, 1, 1, 0,
0x3f0: 1, 1, 1, 0, 1, 1, 1, 0,
0x3f1: 1, 1, 1, 0, 1, 1, 1, 0,
0x3f2: 1, 1, 1, 0, 1, 1, 1, 0,
0x3f3: 1, 1, 1, 0, 1, 1, 1, 0,
0x3f4: 1, 1, 1, 0, 1, 1, 1, 0,
0x3f5: 1, 1, 1, 0, 1, 1, 1, 0,
0x3f6: 1, 1, 1, 0, 1, 1, 1, 0,
0x3f7: 1, 1, 1, 0, 1, 1, 1, 0,
0x3f8: 1, 1, 1, 1, 1, 1, 1, 0,
0x3f9: 1, 1, 1, 1, 1, 1, 1, 0,
0x3fa: 1, 1, 1, 0, 1, 1, 1, 0,
0x3fb: 1, 1, 1, 0, 1, 1, 1, 0,
0x3fc: 1, 1, 1, 1, 1, 1, 1, 0,
0x3fd: 1, 1, 1, 1, 1, 1, 1, 1,
0x3fe: 1, 1, 1, 1, 1, 1, 1, 1,
0x3ff: 1, 1, 1, 1, 1, 1, 1, 1,
